100095717315715
100095657130590
100095571151916
100095551477164
100095508131807
100095493463027
100095490307489
100095481245910
100095477627115
100095445903417
100095441805644
100095404392465
100095396144388
100095385309645
100095370633146
100095362125081
100095359573050
100095334714430
100095332483765
100095312610540
100072954223451
100066468949891
100005317097168
100075945001475
100002976442560
100007480217362
100048090561387
100009768391266
61565499968733
100093845479207
100081792360583
100038124741477
100057925200659
100004147563826
100029117982072
100046899510718
61564876837713
100018268952339
61563177303184
100008260093387
100029736681959
100022545621274
61562086210318
61552220163212
100021928591949
100022916769119
100013921485681
100038539298998
100057106298551
100005803843981
100065165663292
100011771680783
100004414622733
100006244062304
100086193331232
100009285373592
100094557185555
100052888281968
100013979322049
100026727005536
100006779085591
100007905521282
100003927512501
61565445056724
100023963855358
100003542530203
100009272019146
61557031472401
100090770267568
100055832495846
100023671386900
100028667678388
100051554708443
100050993235906
100004452393071
100034233050551
100015556170800
100000470319513
100063655896653
100007117363390
100004047281160
100033973608737
100086259404125
100056601652106
100003092087591
100077114223015
100031752937324
100086733043228
100090909424029
61563771470748
61555639407227
100006075425503
100037972510375
61558068564307
61564435487843
100010365994193
61561600527417
100004050826089
100032997553612
100007063682938
100085242214400
100028215860450
61557923164086
100005239333176
100005234470859
61556348077359
100003836402644
100051830596583
100049083590852
100078013321756
100014706303551
100004644497546
100005042615489
100003600383131
100006009673821
100019310170373
100000220582504
100068986930646
61550471978275
100001896399049
100029202913901
100028006923848
100034527457661
100032554530432
100018943275826
100042216195101
100070600891677
100008751813047
100003544159918
100090013536013
61563500431377
100041407831325
100089741325437
61550331062049
61552113827125
100015767357849
100053676582929
100050738316747
100081994300654
100043947581932
100071445109140
100001400659785
100005027645334
100018764411473
100004613583411
100011802758774
100006799182240
61553025191221
100025170525183
61551048382872
61550606615892
100084868531566
61565724628495
100004506877853
61565431150515
100044788261807
100067147123348
100005925945720
61565582786987
100039464242874
100059076245811
61565801065915
100004582386318
100089674098533
100049507846385
100003060859570
100002861701882
100017579765559
100000414339387
100008558587902
100025520228223
